% /*************************************************************************************
%
%    Project Name:  802.11ad Transmitter
%    File Name:     golay_constants.m
%    Authors:       Prem Kiran Nerella
%    Version:       1.0
%    History:       May 2014 created
%
%  *************************************************************************************
%    Description:
% 
%    function stores Golay sequences specified in 802.11ad std
%    
%    [gConstants] = golay_constants()
%
%    Outputs:
%
%       1. gConstants - golay sequences[Ga128 Gb128 Ga64 Gb64 Ga32 Gb32]
%
%  *************************************************************************************/
function [gConstants] = golay_constants()
gConstants = [];

gConstants.Ga128 = [+1 +1 -1 -1 -1 -1 -1 -1 -1 +1 -1 +1 +1 -1 -1 +1 +1 +1 -1 -1 +1 +1 +1 +1 -1 +1 -1 +1 -1 +1 +1 -1 ...
-1 -1 +1 +1 +1 +1 +1 +1 +1 -1 +1 -1 -1 +1 +1 -1 +1 +1 -1 -1 +1 +1 +1 +1 -1 +1 -1 +1 -1 +1 +1 -1 ...
+1 +1 -1 -1 -1 -1 -1 -1 -1 +1 -1 +1 +1 -1 -1 +1 +1 +1 -1 -1 +1 +1 +1 +1 -1 +1 -1 +1 -1 +1 +1 -1 ...
+1 +1 -1 -1 -1 -1 -1 -1 -1 +1 -1 +1 +1 -1 -1 +1 -1 -1 +1 +1 -1 -1 -1 -1 +1 -1 +1 -1 +1 -1 -1 +1];

gConstants.Gb128 = [-1 -1 +1 +1 +1 +1 +1 +1 +1 -1 +1 -1 -1 +1 +1 -1 -1 -1 +1 +1 -1 -1 -1 -1 +1 -1 +1 -1 +1 -1 -1 +1 ...
+1 +1 -1 -1 -1 -1 -1 -1 -1 +1 -1 +1 +1 -1 -1 +1 -1 -1 +1 +1 -1 -1 -1 -1 +1 -1 +1 -1 +1 -1 -1 +1 ...
+1 +1 -1 -1 -1 -1 -1 -1 -1 +1 -1 +1 +1 -1 -1 +1 +1 +1 -1 -1 +1 +1 +1 +1 -1 +1 -1 +1 -1 +1 +1 -1 ...
+1 +1 -1 -1 -1 -1 -1 -1 -1 +1 -1 +1 +1 -1 -1 +1 -1 -1 +1 +1 -1 -1 -1 -1 +1 -1 +1 -1 +1 -1 -1 +1];

gConstants.Ga64 = [-1 -1 +1 -1 +1 -1 -1 -1 +1 +1 -1 +1 +1 -1 -1 -1 -1 -1 +1 -1 +1 -1 -1 -1 -1 -1 +1 -1 -1 +1 +1 +1 ...
-1 -1 +1 -1 +1 -1 -1 -1 +1 +1 -1 +1 +1 -1 -1 -1 +1 +1 -1 +1 -1 +1 +1 +1 +1 +1 -1 +1 +1 -1 -1 -1];

gConstants.Gb64 = [+1 +1 -1 +1 -1 +1 +1 +1 -1 -1 +1 -1 -1 +1 +1 +1 +1 +1 -1 +1 -1 +1 +1 +1 +1 +1 -1 +1 +1 -1 -1 -1 ...
-1 -1 +1 -1 +1 -1 -1 -1 +1 +1 -1 +1 +1 -1 -1 -1 +1 +1 -1 +1 -1 +1 +1 +1 +1 +1 -1 +1 +1 -1 -1 -1];

gConstants.Ga32 = [+1 +1 +1 +1 +1 -1 +1 -1 -1 -1 +1 +1 +1 -1 -1 +1 +1 +1 -1 -1 +1 -1 -1 +1 -1 -1 -1 -1 +1 -1 +1 -1];

gConstants.Gb32 = [-1 -1 -1 -1 -1 +1 -1 +1 +1 +1 -1 -1 -1 +1 +1 -1 +1 +1 -1 -1 +1 -1 -1 +1 -1 -1 -1 -1 +1 -1 +1 -1];

return
